Forearm_r EMG -0.5 0 90 1 1 0
Forearm_l EMG 0.0 90 90 0 1 0
Forearm_l IMU 0.25 240 90 1 0 0
Upp_leg_r IMU 0.0 240 90 1 0 0
Head Eye 0.0 160 90 1 0 0.5
Head Eye 0.0 200 90 1 0 0.5
Head EEG 0.0 0 0 0.5 0.5 0.0
Head EEG 0.0 0 36 0.5 0.5 0.0
Head EEG 0.0 -90 36 0.5 0.5 0.0
Head EEG 0.0 90 36 0.5 0.5 0.0
Head EEG 0.0 180 36 0.5 0.5 0.0
Head EEG 0.0 0 72 0.5 0.5 0.0
Head EEG 0.0 -90 72 0.5 0.5 0.0
Head EEG 0.0 90 72 0.5 0.5 0.0
Head EEG 0.0 180 72 0.5 0.5 0.0
Head EEG 0.0 -18 72 0.5 0.5 0.0
Head EEG 0.0 18 72 0.5 0.5 0.0
Head EEG 0.0 -162 72 0.5 0.5 0.0
Head EEG 0.0 162 72 0.5 0.5 0.0
Head EEG 0.0 -54 72 0.5 0.5 0.0
Head EEG 0.0 54 72 0.5 0.5 0.0
Head EEG 0.0 -126 72 0.5 0.5 0.0
Head EEG 0.0 126 72 0.5 0.5 0.0
Head EEG 0.0 -33.86 51 0.5 0.5 0.0
Head EEG 0.0 33.86 51 0.5 0.5 0.0
Head EEG 0.0 -146.14 51 0.5 0.5 0.0
Head EEG 0.0 146.14 51 0.5 0.5 0.0
Head EEG 0.0 0 18 0.5 0.5 0.0
Head EEG 0.0 -90 18 0.5 0.5 0.0
Head EEG 0.0 90 18 0.5 0.5 0.0
Head EEG 0.0 180 18 0.5 0.5 0.0
Head EEG 0.0 0 54 0.5 0.5 0.0
Head EEG 0.0 -90 54 0.5 0.5 0.0
Head EEG 0.0 90 54 0.5 0.5 0.0
Head EEG 0.0 180 54 0.5 0.5 0.0
Head EEG 0.0 -36 72 0.5 0.5 0.0
Head EEG 0.0 36 72 0.5 0.5 0.0
Head EEG 0.0 -144 72 0.5 0.5 0.0
Head EEG 0.0 144 72 0.5 0.5 0.0
Head EEG 0.0 -72 72 0.5 0.5 0.0
Head EEG 0.0 72 72 0.5 0.5 0.0
Head EEG 0.0 -108 72 0.5 0.5 0.0
Head EEG 0.0 108 72 0.5 0.5 0.0
Head EEG 0.0 -25.13 61.27 0.5 0.5 0.0
Head EEG 0.0 25.13 61.27 0.5 0.5 0.0
Head EEG 0.0 -154.87 61.27 0.5 0.5 0.0
Head EEG 0.0 154.87 61.27 0.5 0.5 0.0
Head EEG 0.0 -19.35 42.26 0.5 0.5 0.0
Head EEG 0.0 19.35 42.26 0.5 0.5 0.0
Head EEG 0.0 -160.65 42.26 0.5 0.5 0.0
Head EEG 0.0 160.65 42.26 0.5 0.5 0.0
Head EEG 0.0 -44.95 61.13 0.5 0.5 0.0
Head EEG 0.0 44.95 61.13 0.5 0.5 0.0
Head EEG 0.0 -135.05 61.13 0.5 0.5 0.0
Head EEG 0.0 135.05 61.13 0.5 0.5 0.0
Head EEG 0.0 -56.31 40.78 0.5 0.5 0.0
Head EEG 0.0 56.31 40.78 0.5 0.5 0.0
Head EEG 0.0 -123.69 40.78 0.5 0.5 0.0
Head EEG 0.0 123.69 40.78 0.5 0.5 0.0
Head EEG 0.0 -38.99 26.82 0.5 0.5 0.0
Head EEG 0.0 38.99 26.82 0.5 0.5 0.0
Head EEG 0.0 -141.01 26.82 0.5 0.5 0.0
Head EEG 0.0 141.01 26.82 0.5 0.5 0.0
Head EEG 0.0 -65.62 56.15 0.5 0.5 0.0
Head EEG 0.0 65.62 56.15 0.5 0.5 0.0
Head EEG 0.0 -114.38 56.15 0.5 0.5 0.0
Head EEG 0.0 114.38 56.15 0.5 0.5 0.0
Head EEG 0.0 0 90 0.5 0.5 0.0
Head EEG 0.0 -90 90 0.5 0.5 0.0
Head EEG 0.0 90 90 0.5 0.5 0.0
Head EEG 0.0 180 90 0.5 0.5 0.0
Head EEG 0.0 -54 90 0.5 0.5 0.0
Head EEG 0.0 54 90 0.5 0.5 0.0
Head EEG 0.0 -126 90 0.5 0.5 0.0
Head EEG 0.0 126 90 0.5 0.5 0.0
Head EEG 0.0 -72 90 0.5 0.5 0.0
Head EEG 0.0 72 90 0.5 0.5 0.0
Head EEG 0.0 -108 90 0.5 0.5 0.0
Head EEG 0.0 108 90 0.5 0.5 0.0
