Origin
0.991444861374 0.0 0.0 0.13052619222
Wrist
1.0 0.0 0.0 0.0
Upp_leg_r
-0.67966766204 0.0 0.647523053199 -0.34462409195
Low_leg_r
0.843391445813 0.0 0.537299608347 0.0
Feet_r
0.939692620786 0.0 0.342020143326 0.0
Upp_leg_l
0.983291041852 0.0 -0.125714169045 -0.131661211887
Low_leg_l
0.97629600712 0.0 0.216439613938 0.0
Feet_l
0.991444861374 0.0 0.13052619222 0.0
Torse
0.982962913145 0.129409522551 0.0170370868555 0.129409522551
Neck
-0.97629600712 0.0 0.0 0.216439613938
Head
0.984807753012 0.0 -0.173648177667 0.0
Shoulder_r
0.991444861374 0.0 -0.13052619222 0.0
Arm_r
-0.98106026219 0.0858316511774 -0.172987393925 -0.0151344359013
Forearm_r
-0.774301408134 0.607233981685 0.140154161395 0.109913747514
Hand_r
0.923879532511 0.0 0.382683432365 0.0
Finger_r_1a
1.0 0.0 0.0 0.0
Finger_r_1b
1.0 0.0 0.0 0.0
Finger_r_1c
1.0 0.0 0.0 0.0
Finger_r_2a
1.0 0.0 0.0 0.0
Finger_r_2b
1.0 0.0 0.0 0.0
Finger_r_2c
1.0 0.0 0.0 0.0
Finger_r_3a
1.0 0.0 0.0 0.0
Finger_r_3b
1.0 0.0 0.0 0.0
Finger_r_3c
1.0 0.0 0.0 0.0
Finger_r_4a
1.0 0.0 0.0 0.0
Finger_r_4b
1.0 0.0 0.0 0.0
Finger_r_4c
1.0 0.0 0.0 0.0
Finger_r_5a
1.0 0.0 0.0 0.0
Finger_r_5b
1.0 0.0 0.0 0.0
Finger_r_5c
1.0 0.0 0.0 0.0
Shoulder_l
0.991444861374 0.0 0.0 0.13052619222
Arm_l
1.0 0.0 0.0 0.0
Forearm_l
0.965925826289 -0.258819045103 0.0 0.0
Hand_l
1.0 0.0 0.0 0.0
Finger_l_1a
0.996194698092 0.0 0.0 0.0871557427477
Finger_l_1b
1.0 0.0 0.0 0.0
Finger_l_1c
1.0 0.0 0.0 0.0
Finger_l_2a
-0.996194698092 0.0 0.0 0.0871557427477
Finger_l_2b
1.0 0.0 0.0 0.0
Finger_l_2c
1.0 0.0 0.0 0.0
Finger_l_3a
1.0 0.0 0.0 0.0
Finger_l_3b
1.0 0.0 0.0 0.0
Finger_l_3c
1.0 0.0 0.0 0.0
Finger_l_4a
0.999048221582 0.0 0.0 0.0436193873653
Finger_l_4b
1.0 0.0 0.0 0.0
Finger_l_4c
1.0 0.0 0.0 0.0
Finger_l_5a
0.996194698092 0.0 0.0 0.0871557427477
Finger_l_5b
1.0 0.0 0.0 0.0
Finger_l_5c
1.0 0.0 0.0 0.0
