Origin
1.0 0.0 0.0 0.0
Wrist
1.0 0.0 0.0 0.0
Upp_leg_r
1.0 0.0 0.0 0.0
Low_leg_r
1.0 0.0 0.0 0.0
Feet_r
1.0 0.0 0.0 0.0
Upp_leg_l
0.258819045103 0.0 -0.965925826289 0.0
Low_leg_l
1.0 0.0 0.0 0.0
Feet_l
0.866025403784 0.0 0.5 0.0
Torse
0.953716950748 0.0 -0.300705799504 0.0
Neck
0.896331887541 -1.38777878078e-17 -0.392530918273 -0.206176200316
Head
0.923879532511 -0.382683432365 0.0 0.0
Shoulder_r
-0.982962913145 -0.129409522551 -0.129409522551 0.0170370868555
Arm_r
0.823438102368 2.77555756156e-17 -0.417066846741 0.384714097634
Forearm_r
0.754406506735 0.133022221559 -0.633022221559 0.111618897049
Hand_r
0.707106781187 0.0 -0.707106781187 0.0
Finger_r_1a
0.996194698092 0.0 0.0 0.0871557427477
Finger_r_1b
1.0 0.0 0.0 0.0
Finger_r_1c
1.0 0.0 0.0 0.0
Finger_r_2a
0.996194698092 0.0 0.0 0.0871557427477
Finger_r_2b
1.0 0.0 0.0 0.0
Finger_r_2c
1.0 0.0 0.0 0.0
Finger_r_3a
1.0 0.0 0.0 0.0
Finger_r_3b
1.0 0.0 0.0 0.0
Finger_r_3c
1.0 0.0 0.0 0.0
Finger_r_4a
-0.996194698092 0.0 0.0 0.0871557427477
Finger_r_4b
1.0 0.0 0.0 0.0
Finger_r_4c
1.0 0.0 0.0 0.0
Finger_r_5a
-0.996194698092 0.0 0.0 0.0871557427477
Finger_r_5b
1.0 0.0 0.0 0.0
Finger_r_5c
1.0 0.0 0.0 0.0
Shoulder_l
0.991444861374 0.0 0.13052619222 0.0
Arm_l
-0.57922796534 -0.57922796534 0.405579787671 0.405579787671
Forearm_l
1.0 0.0 0.0 0.0
Hand_l
0.984807753012 0.0 -0.173648177667 0.0
Finger_l_1a
1.0 0.0 0.0 0.0
Finger_l_1b
1.0 0.0 0.0 0.0
Finger_l_1c
1.0 0.0 0.0 0.0
Finger_l_2a
1.0 0.0 0.0 0.0
Finger_l_2b
1.0 0.0 0.0 0.0
Finger_l_2c
1.0 0.0 0.0 0.0
Finger_l_3a
1.0 0.0 0.0 0.0
Finger_l_3b
1.0 0.0 0.0 0.0
Finger_l_3c
1.0 0.0 0.0 0.0
Finger_l_4a
1.0 0.0 0.0 0.0
Finger_l_4b
1.0 0.0 0.0 0.0
Finger_l_4c
1.0 0.0 0.0 0.0
Finger_l_5a
1.0 0.0 0.0 0.0
Finger_l_5b
1.0 0.0 0.0 0.0
Finger_l_5c
1.0 0.0 0.0 0.0
