Origin
0.975775318326 0.0 -0.214168241877 -0.0446597393385
Wrist
1.0 0.0 0.0 0.0
Upp_leg_r
-0.862729915663 -2.08166817117e-17 0.495562092075 -0.100574875185
Low_leg_r
0.984807753012 0.0 0.173648177667 0.0
Feet_r
0.991444861374 0.0 0.13052619222 0.0
Upp_leg_l
-0.999048221582 0.0 0.0 0.0436193873653
Low_leg_l
0.996194698092 0.0 0.0871557427477 0.0
Feet_l
0.984807753012 0.0 0.173648177667 0.0
Torse
-0.987540250747 -0.128955578854 -0.0894333598231 0.011678441133
Neck
0.965925826289 0.0 -0.258819045103 0.0
Head
0.97629600712 0.0 0.216439613938 0.0
Brain
1.0 0.0 0.0 0.0
Shoulder_r
0.999048221582 0.0 -0.0436193873653 0.0
Arm_r
0.826330513408 -1.38777878078e-17 -0.2026797395 0.525451049868
Forearm_r
-0.864453691374 0.451567837891 0.195814662452 0.102288421732
Hand_r
-0.991444861374 0.0 0.0 0.13052619222
Finger_r_1a
0.996194698092 0.0 0.0 0.0871557427477
Finger_r_1b
1.0 0.0 0.0 0.0
Finger_r_1c
1.0 0.0 0.0 0.0
Finger_r_2a
0.996194698092 0.0 0.0 0.0871557427477
Finger_r_2b
1.0 0.0 0.0 0.0
Finger_r_2c
1.0 0.0 0.0 0.0
Finger_r_3a
1.0 0.0 0.0 0.0
Finger_r_3b
1.0 0.0 0.0 0.0
Finger_r_3c
1.0 0.0 0.0 0.0
Finger_r_4a
-0.999048221582 0.0 0.0 0.0436193873653
Finger_r_4b
1.0 0.0 0.0 0.0
Finger_r_4c
1.0 0.0 0.0 0.0
Finger_r_5a
-0.996194698092 0.0 0.0 0.0871557427477
Finger_r_5b
1.0 0.0 0.0 0.0
Finger_r_5c
1.0 0.0 0.0 0.0
Shoulder_l
1.0 0.0 0.0 0.0
Arm_l
0.757595659841 0.153546894398 0.272198111171 -0.573044811237
Forearm_l
0.707106781187 0.707106781187 0.0 0.0
Hand_l
1.0 0.0 0.0 0.0
Finger_l_1a
-0.996194698092 0.0 0.0 0.0871557427477
Finger_l_1b
1.0 0.0 0.0 0.0
Finger_l_1c
1.0 0.0 0.0 0.0
Finger_l_2a
-0.996194698092 0.0 0.0 0.0871557427477
Finger_l_2b
1.0 0.0 0.0 0.0
Finger_l_2c
1.0 0.0 0.0 0.0
Finger_l_3a
1.0 0.0 0.0 0.0
Finger_l_3b
1.0 0.0 0.0 0.0
Finger_l_3c
1.0 0.0 0.0 0.0
Finger_l_4a
0.999048221582 0.0 0.0 0.0436193873653
Finger_l_4b
1.0 0.0 0.0 0.0
Finger_l_4c
1.0 0.0 0.0 0.0
Finger_l_5a
0.996194698092 0.0 0.0 0.0871557427477
Finger_l_5b
1.0 0.0 0.0 0.0
Finger_l_5c
1.0 0.0 0.0 0.0
