Wrist
0.461748613235 0.0 -0.887010833178 1.08627497766e-16
0.461748613235 0.0 -0.887010833178 1.08627497766e-16
1.0 0.0 0.0 0.0
Upp_leg_r
0.705848996674 0.0416208203643 0.704750977618 0.0582200195777
0.705848996674 0.0416208203643 0.704750977618 0.0582200195777
1.0 0.0 0.0 0.0
Low_leg_r
0.843391445813 0.0 0.537299608347 0.0
0.843391445813 0.0 0.537299608347 0.0
1.0 0.0 0.0 0.0
Feet_r
0.906307787037 0.0 0.422618261741 0.0
0.906307787037 0.0 0.422618261741 0.0
1.0 0.0 0.0 0.0
Upp_leg_l
0.705848873305 -0.0416090584094 0.704751923362 -0.0582184743547
0.705848873305 -0.0416090584094 0.704751923362 -0.0582184743547
1.0 0.0 0.0 0.0
Low_leg_l
0.843391445813 0.0 0.537299608347 0.0
0.843391445813 0.0 0.537299608347 0.0
1.0 0.0 0.0 0.0
Feet_l
0.906307787037 0.0 0.422618261741 0.0
0.906307787037 0.0 0.422618261741 0.0
1.0 0.0 0.0 0.0
Torse
0.996194698092 0.0 0.0871557427477 0.0
0.996194698092 0.0 0.0871557427477 0.0
1.0 0.0 0.0 0.0
Neck
0.996194698092 2.37917474486e-18 0.0871557427477 1.19609191535e-17
0.996194698092 2.37917474486e-18 0.0871557427477 1.19609191535e-17
1.0 0.0 0.0 0.0
Head
0.965925826289 0.0 0.258819045103 0.0
0.965925826289 0.0 0.258819045103 0.0
1.0 0.0 0.0 0.0
Shoulder_r
0.982962913145 -0.0170370868555 0.129409522551 -0.129409522551
0.982962913145 -0.0170370868555 0.129409522551 -0.129409522551
1.0 0.0 0.0 0.0
Arm_r
0.994812049953 -0.0202759371983 0.0982716554058 0.0212518223931
0.994812049953 -0.0202759371983 0.0982716554058 0.0212518223931
1.0 0.0 0.0 0.0
Forearm_r
1.0 0.0 0.0 0.0
1.0 0.0 0.0 0.0
1.0 0.0 0.0 0.0
Hand_r
0.996243343324 0.016894142241 0.0849325884739 -0.000494223272579
0.996243343324 0.016894142241 0.0849325884739 -0.000494223272579
1.0 0.0 0.0 0.0
Finger_r_1a
1.0 0.0 -2.77555756156e-17 0.0
1.0 0.0 -2.77555756156e-17 0.0
1.0 0.0 0.0 0.0
Finger_r_1b
1.0 0.0 0.0 0.0
1.0 0.0 0.0 0.0
1.0 0.0 0.0 0.0
Finger_r_1c
1.0 0.0 0.0 0.0
1.0 0.0 0.0 0.0
1.0 0.0 0.0 0.0
Finger_r_2a
1.0 0.0 0.0 0.0
1.0 0.0 0.0 0.0
1.0 0.0 0.0 0.0
Finger_r_2b
1.0 0.0 0.0 0.0
1.0 0.0 0.0 0.0
1.0 0.0 0.0 0.0
Finger_r_2c
1.0 0.0 0.0 0.0
1.0 0.0 0.0 0.0
1.0 0.0 0.0 0.0
Finger_r_3a
1.0 0.0 0.0 0.0
1.0 0.0 0.0 0.0
1.0 0.0 0.0 0.0
Finger_r_3b
1.0 0.0 0.0 0.0
1.0 0.0 0.0 0.0
1.0 0.0 0.0 0.0
Finger_r_3c
1.0 0.0 0.0 0.0
1.0 0.0 0.0 0.0
1.0 0.0 0.0 0.0
Finger_r_4a
1.0 0.0 0.0 0.0
1.0 0.0 0.0 0.0
1.0 0.0 0.0 0.0
Finger_r_4b
1.0 0.0 0.0 0.0
1.0 0.0 0.0 0.0
1.0 0.0 0.0 0.0
Finger_r_4c
1.0 0.0 0.0 0.0
1.0 0.0 0.0 0.0
1.0 0.0 0.0 0.0
Finger_r_5a
1.0 0.0 0.0 0.0
1.0 0.0 0.0 0.0
1.0 0.0 0.0 0.0
Finger_r_5b
1.0 0.0 0.0 0.0
1.0 0.0 0.0 0.0
1.0 0.0 0.0 0.0
Finger_r_5c
1.0 0.0 0.0 0.0
1.0 0.0 0.0 0.0
1.0 0.0 0.0 0.0
Shoulder_l
0.982962913145 0.0170370868555 0.129409522551 0.129409522551
0.982962913145 0.0170370868555 0.129409522551 0.129409522551
1.0 0.0 0.0 0.0
Arm_l
0.994812049953 0.0202759371983 0.0982716554058 -0.0212518223931
0.994812049953 0.0202759371983 0.0982716554058 -0.0212518223931
1.0 0.0 0.0 0.0
Forearm_l
1.0 0.0 0.0 0.0
1.0 0.0 0.0 0.0
1.0 0.0 0.0 0.0
Hand_l
0.996243343324 -0.016894142241 0.0849325884739 0.000494223272579
0.996243343324 -0.016894142241 0.0849325884739 0.000494223272579
1.0 0.0 0.0 0.0
Finger_l_1a
1.0 0.0 -2.77555756156e-17 0.0
1.0 0.0 -2.77555756156e-17 0.0
1.0 0.0 0.0 0.0
Finger_l_1b
1.0 0.0 0.0 0.0
1.0 0.0 0.0 0.0
1.0 0.0 0.0 0.0
Finger_l_1c
1.0 0.0 0.0 0.0
1.0 0.0 0.0 0.0
1.0 0.0 0.0 0.0
Finger_l_2a
1.0 0.0 0.0 0.0
1.0 0.0 0.0 0.0
1.0 0.0 0.0 0.0
Finger_l_2b
1.0 0.0 0.0 0.0
1.0 0.0 0.0 0.0
1.0 0.0 0.0 0.0
Finger_l_2c
1.0 0.0 0.0 0.0
1.0 0.0 0.0 0.0
1.0 0.0 0.0 0.0
Finger_l_3a
1.0 0.0 0.0 0.0
1.0 0.0 0.0 0.0
1.0 0.0 0.0 0.0
Finger_l_3b
1.0 0.0 0.0 0.0
1.0 0.0 0.0 0.0
1.0 0.0 0.0 0.0
Finger_l_3c
1.0 0.0 0.0 0.0
1.0 0.0 0.0 0.0
1.0 0.0 0.0 0.0
Finger_l_4a
1.0 0.0 0.0 0.0
1.0 0.0 0.0 0.0
1.0 0.0 0.0 0.0
Finger_l_4b
1.0 0.0 0.0 0.0
1.0 0.0 0.0 0.0
1.0 0.0 0.0 0.0
Finger_l_4c
1.0 0.0 0.0 0.0
1.0 0.0 0.0 0.0
1.0 0.0 0.0 0.0
Finger_l_5a
1.0 0.0 0.0 0.0
1.0 0.0 0.0 0.0
1.0 0.0 0.0 0.0
Finger_l_5b
1.0 0.0 0.0 0.0
1.0 0.0 0.0 0.0
1.0 0.0 0.0 0.0
Finger_l_5c
1.0 0.0 0.0 0.0
1.0 0.0 0.0 0.0
1.0 0.0 0.0 0.0
