Wrist
0.887010833178 0.0 0.461748613235 0.0
0.887010833178 0.0 0.461748613235 0.0
1.0 0.0 0.0 0.0
Upp_leg_r
0.887404688971 0.0366693512968 0.459544380583 0.00241844322532
0.887404688971 0.0366693512968 0.459544380583 0.00241844322532
1.0 0.0 0.0 0.0
Low_leg_r
0.887010833178 0.0 0.461748613235 0.0
0.887010833178 0.0 0.461748613235 0.0
1.0 0.0 0.0 0.0
Feet_r
0.887010833178 0.0 0.461748613235 0.0
0.887010833178 0.0 0.461748613235 0.0
1.0 0.0 0.0 0.0
Upp_leg_l
0.887404688971 -0.0366693512968 0.459544380583 -0.00241844322532
0.887404688971 -0.0366693512968 0.459544380583 -0.00241844322532
1.0 0.0 0.0 0.0
Low_leg_l
0.887010833178 0.0 0.461748613235 0.0
0.887010833178 0.0 0.461748613235 0.0
1.0 0.0 0.0 0.0
Feet_l
0.887010833178 0.0 0.461748613235 0.0
0.887010833178 0.0 0.461748613235 0.0
1.0 0.0 0.0 0.0
Torse
0.965925826289 0.0 0.258819045103 0.0
0.965925826289 0.0 0.258819045103 0.0
1.0 0.0 0.0 0.0
Neck
0.991444861374 0.0 0.13052619222 0.0
0.991444861374 0.0 0.13052619222 0.0
1.0 0.0 0.0 0.0
Head
0.965925826289 0.0 0.258819045103 0.0
0.965925826289 0.0 0.258819045103 0.0
1.0 0.0 0.0 0.0
Shoulder_r
0.975753287885 -0.0254249281724 0.127819745486 -0.175844268811
0.975753287885 -0.0254249281724 0.127819745486 -0.175844268811
1.0 0.0 0.0 0.0
Arm_r
0.564945720631 0.691512047279 0.307808270276 -0.328483622055
0.888449807964 0.0894959078427 0.449926311881 -0.0146196814466
0.707106781187 0.707106781187 0.0 0.0
Forearm_r
0.892399100832 0.369643810614 -0.0990457605415 -0.239117618395
0.965925826289 -0.0 -0.0 -0.258819045103
0.923879532511 0.382683432365 0.0 0.0
Hand_r
1.0 2.33051717149e-18 1.17163010133e-17 -1.38777878078e-16
1.0 2.33051717149e-18 1.17163010133e-17 -1.38777878078e-16
1.0 0.0 0.0 0.0
Finger_r_1a
0.97629600712 1.21844341029e-18 -0.216439613938 1.85898540901e-17
0.97629600712 1.21844341029e-18 -0.216439613938 1.85898540901e-17
1.0 0.0 0.0 0.0
Finger_r_1b
1.0 0.0 0.0 0.0
1.0 0.0 0.0 0.0
1.0 0.0 0.0 0.0
Finger_r_1c
1.0 0.0 0.0 0.0
1.0 0.0 0.0 0.0
1.0 0.0 0.0 0.0
Finger_r_2a
0.887010833178 6.68558353424e-18 -0.461748613235 3.36106981296e-17
0.887010833178 6.68558353424e-18 -0.461748613235 3.36106981296e-17
1.0 0.0 0.0 0.0
Finger_r_2b
1.0 0.0 0.0 0.0
1.0 0.0 0.0 0.0
1.0 0.0 0.0 0.0
Finger_r_2c
1.0 0.0 0.0 0.0
1.0 0.0 0.0 0.0
1.0 0.0 0.0 0.0
Finger_r_3a
0.887010833178 6.68558353424e-18 -0.461748613235 3.36106981296e-17
0.887010833178 6.68558353424e-18 -0.461748613235 3.36106981296e-17
1.0 0.0 0.0 0.0
Finger_r_3b
1.0 0.0 0.0 0.0
1.0 0.0 0.0 0.0
1.0 0.0 0.0 0.0
Finger_r_3c
1.0 0.0 0.0 0.0
1.0 0.0 0.0 0.0
1.0 0.0 0.0 0.0
Finger_r_4a
0.887010833178 6.68558353424e-18 -0.461748613235 3.36106981296e-17
0.887010833178 6.68558353424e-18 -0.461748613235 3.36106981296e-17
1.0 0.0 0.0 0.0
Finger_r_4b
1.0 0.0 0.0 0.0
1.0 0.0 0.0 0.0
1.0 0.0 0.0 0.0
Finger_r_4c
1.0 0.0 0.0 0.0
1.0 0.0 0.0 0.0
1.0 0.0 0.0 0.0
Finger_r_5a
0.887010833178 6.68558353424e-18 -0.461748613235 3.36106981296e-17
0.887010833178 6.68558353424e-18 -0.461748613235 3.36106981296e-17
1.0 0.0 0.0 0.0
Finger_r_5b
1.0 0.0 0.0 0.0
1.0 0.0 0.0 0.0
1.0 0.0 0.0 0.0
Finger_r_5c
1.0 0.0 0.0 0.0
1.0 0.0 0.0 0.0
1.0 0.0 0.0 0.0
Shoulder_l
0.975753287885 0.0254249281724 0.127819745486 0.175844268811
0.975753287885 0.0254249281724 0.127819745486 0.175844268811
1.0 0.0 0.0 0.0
Arm_l
0.564945720631 -0.691512047279 0.307808270276 0.328483622055
0.888449807964 -0.0894959078427 0.449926311881 0.0146196814466
0.707106781187 -0.707106781187 -0.0 -0.0
Forearm_l
0.892399100832 -0.369643810614 -0.0990457605415 0.239117618395
0.965925826289 0.0 0.0 0.258819045103
0.923879532511 -0.382683432365 -0.0 -0.0
Hand_l
1.0 -2.33051717149e-18 1.17163010133e-17 1.38777878078e-16
1.0 -2.33051717149e-18 1.17163010133e-17 1.38777878078e-16
1.0 0.0 0.0 0.0
Finger_l_1a
0.97629600712 1.21844341029e-18 -0.216439613938 1.85898540901e-17
0.97629600712 1.21844341029e-18 -0.216439613938 1.85898540901e-17
1.0 0.0 0.0 0.0
Finger_l_1b
1.0 0.0 0.0 0.0
1.0 0.0 0.0 0.0
1.0 0.0 0.0 0.0
Finger_l_1c
1.0 0.0 0.0 0.0
1.0 0.0 0.0 0.0
1.0 0.0 0.0 0.0
Finger_l_2a
0.887010833178 6.68558353425e-18 -0.461748613235 3.36106981296e-17
0.887010833178 6.68558353425e-18 -0.461748613235 3.36106981296e-17
1.0 0.0 0.0 0.0
Finger_l_2b
1.0 0.0 0.0 0.0
1.0 0.0 0.0 0.0
1.0 0.0 0.0 0.0
Finger_l_2c
1.0 0.0 0.0 0.0
1.0 0.0 0.0 0.0
1.0 0.0 0.0 0.0
Finger_l_3a
0.887010833178 6.68558353425e-18 -0.461748613235 3.36106981296e-17
0.887010833178 6.68558353425e-18 -0.461748613235 3.36106981296e-17
1.0 0.0 0.0 0.0
Finger_l_3b
1.0 0.0 0.0 0.0
1.0 0.0 0.0 0.0
1.0 0.0 0.0 0.0
Finger_l_3c
1.0 0.0 0.0 0.0
1.0 0.0 0.0 0.0
1.0 0.0 0.0 0.0
Finger_l_4a
0.887010833178 6.68558353425e-18 -0.461748613235 3.36106981296e-17
0.887010833178 6.68558353425e-18 -0.461748613235 3.36106981296e-17
1.0 0.0 0.0 0.0
Finger_l_4b
1.0 0.0 0.0 0.0
1.0 0.0 0.0 0.0
1.0 0.0 0.0 0.0
Finger_l_4c
1.0 0.0 0.0 0.0
1.0 0.0 0.0 0.0
1.0 0.0 0.0 0.0
Finger_l_5a
0.887010833178 6.68558353425e-18 -0.461748613235 3.36106981296e-17
0.887010833178 6.68558353425e-18 -0.461748613235 3.36106981296e-17
1.0 0.0 0.0 0.0
Finger_l_5b
1.0 0.0 0.0 0.0
1.0 0.0 0.0 0.0
1.0 0.0 0.0 0.0
Finger_l_5c
1.0 0.0 0.0 0.0
1.0 0.0 0.0 0.0
1.0 0.0 0.0 0.0
