Wrist
0.991444861374 0.0 0.13052619222 0.0
0.991444861374 0.0 0.13052619222 0.0
1.0 0.0 0.0 0.0
Upp_leg_r
0.68989730243 0.15840992805 0.706103310508 -0.0196145764822
0.706923807545 0.0362039159535 0.698782050078 0.103296966123
0.984807753012 0.173648177667 0.0 0.0
Low_leg_r
1.0 0.0 0.0 0.0
1.0 0.0 0.0 0.0
1.0 0.0 0.0 0.0
Feet_r
0.991444861374 0.0 0.13052619222 0.0
0.991444861374 0.0 0.13052619222 0.0
1.0 0.0 0.0 0.0
Upp_leg_l
0.938093166862 0.0910948887802 0.268996603405 -0.198349108411
0.942462881836 0.00898803850178 0.285260253984 -0.174149731404
0.996194698092 0.0871557427477 0.0 0.0
Low_leg_l
0.93879824163 0.0409888164304 0.341694615935 -0.0149187091185
0.939692620786 0.0 0.342020143326 0.0
0.999048221582 0.0436193873653 0.0 0.0
Feet_l
0.991444861374 0.0 0.13052619222 0.0
0.991444861374 0.0 0.13052619222 0.0
1.0 0.0 0.0 0.0
Torse
0.982982203604 -0.129259529353 0.129257898841 0.0181757271266
0.99144440876 0.000151227895787 0.13052448805 0.00114868991138
0.991444861374 -0.13052619222 -0.0 -0.0
Neck
0.996194698092 0.0 -0.0871557427477 0.0
0.996194698092 0.0 -0.0871557427477 0.0
1.0 0.0 0.0 0.0
Head
1.0 0.0 0.0 0.0
1.0 0.0 0.0 0.0
1.0 0.0 0.0 0.0
Shoulder_r
0.997224283714 -0.0096320410285 0.0725726949219 -0.0135703982303
0.997224283714 -0.0096320410285 0.0725726949219 -0.0135703982303
1.0 0.0 0.0 0.0
Arm_r
0.820231343765 -0.263711227994 -0.505796069612 -0.0449260889969
0.858712868311 0.070251539928 -0.484487106279 0.152053481896
0.923879532511 -0.382683432365 -0.0 -0.0
Forearm_r
1.0 0.0 0.0 0.0
1.0 0.0 0.0 0.0
1.0 0.0 0.0 0.0
Hand_r
1.0 2.33051717149e-18 1.17163010133e-17 -1.38777878078e-16
1.0 2.33051717149e-18 1.17163010133e-17 -1.38777878078e-16
1.0 0.0 0.0 0.0
Finger_r_1a
0.906307787037 5.50398589544e-18 -0.422618261741 2.05411550059e-17
0.906307787037 5.50398589544e-18 -0.422618261741 2.05411550059e-17
1.0 0.0 0.0 0.0
Finger_r_1b
0.793353340291 0.0 -0.608761429009 0.0
0.793353340291 -0.0 -0.608761429009 -0.0
1.0 0.0 0.0 0.0
Finger_r_1c
0.793353340291 0.0 -0.608761429009 0.0
0.793353340291 -0.0 -0.608761429009 -0.0
1.0 0.0 0.0 0.0
Finger_r_2a
0.793353340291 1.21296073616e-17 -0.608761429009 2.92834625986e-17
0.793353340291 1.21296073616e-17 -0.608761429009 2.92834625986e-17
1.0 0.0 0.0 0.0
Finger_r_2b
0.793353340291 0.0 -0.608761429009 0.0
0.793353340291 -0.0 -0.608761429009 -0.0
1.0 0.0 0.0 0.0
Finger_r_2c
0.793353340291 0.0 -0.608761429009 0.0
0.793353340291 -0.0 -0.608761429009 -0.0
1.0 0.0 0.0 0.0
Finger_r_3a
0.793353340291 1.21296073616e-17 -0.608761429009 2.92834625986e-17
0.793353340291 1.21296073616e-17 -0.608761429009 2.92834625986e-17
1.0 0.0 0.0 0.0
Finger_r_3b
0.793353340291 0.0 -0.608761429009 0.0
0.793353340291 -0.0 -0.608761429009 -0.0
1.0 0.0 0.0 0.0
Finger_r_3c
0.793353340291 0.0 -0.608761429009 0.0
0.793353340291 -0.0 -0.608761429009 -0.0
1.0 0.0 0.0 0.0
Finger_r_4a
0.793353340291 1.21296073616e-17 -0.608761429009 2.92834625986e-17
0.793353340291 1.21296073616e-17 -0.608761429009 2.92834625986e-17
1.0 0.0 0.0 0.0
Finger_r_4b
0.793353340291 0.0 -0.608761429009 0.0
0.793353340291 -0.0 -0.608761429009 -0.0
1.0 0.0 0.0 0.0
Finger_r_4c
0.793353340291 0.0 -0.608761429009 0.0
0.793353340291 -0.0 -0.608761429009 -0.0
1.0 0.0 0.0 0.0
Finger_r_5a
0.793353340291 1.21296073616e-17 -0.608761429009 2.92834625986e-17
0.793353340291 1.21296073616e-17 -0.608761429009 2.92834625986e-17
1.0 0.0 0.0 0.0
Finger_r_5b
0.793353340291 0.0 -0.608761429009 0.0
0.793353340291 -0.0 -0.608761429009 -0.0
1.0 0.0 0.0 0.0
Finger_r_5c
0.793353340291 0.0 -0.608761429009 0.0
0.793353340291 -0.0 -0.608761429009 -0.0
1.0 0.0 0.0 0.0
Shoulder_l
0.996216735272 -0.0114175869686 -0.0861495466827 -0.00033268303451
0.996216735272 -0.0114175869686 -0.0861495466827 -0.00033268303451
1.0 0.0 0.0 0.0
Arm_l
0.888393358545 0.0325593571161 -0.450841865311 0.0813008475486
0.887850488556 -0.0449931240837 -0.456212111655 0.0416980156453
0.996194698092 0.0871557427477 0.0 0.0
Forearm_l
0.843391445813 0.0 0.0 0.537299608347
0.843391445813 0.0 0.0 0.537299608347
1.0 0.0 0.0 0.0
Hand_l
1.0 -2.33051717149e-18 1.17163010133e-17 1.38777878078e-16
1.0 -2.33051717149e-18 1.17163010133e-17 1.38777878078e-16
1.0 0.0 0.0 0.0
Finger_l_1a
0.906307787037 5.50398589544e-18 -0.422618261741 2.05411550059e-17
0.906307787037 5.50398589544e-18 -0.422618261741 2.05411550059e-17
1.0 0.0 0.0 0.0
Finger_l_1b
0.793353340291 0.0 -0.608761429009 0.0
0.793353340291 -0.0 -0.608761429009 -0.0
1.0 0.0 0.0 0.0
Finger_l_1c
0.793353340291 0.0 -0.608761429009 0.0
0.793353340291 -0.0 -0.608761429009 -0.0
1.0 0.0 0.0 0.0
Finger_l_2a
0.793353340291 1.21296073616e-17 -0.608761429009 2.92834625986e-17
0.793353340291 1.21296073616e-17 -0.608761429009 2.92834625986e-17
1.0 0.0 0.0 0.0
Finger_l_2b
0.793353340291 0.0 -0.608761429009 0.0
0.793353340291 -0.0 -0.608761429009 -0.0
1.0 0.0 0.0 0.0
Finger_l_2c
0.793353340291 0.0 -0.608761429009 0.0
0.793353340291 -0.0 -0.608761429009 -0.0
1.0 0.0 0.0 0.0
Finger_l_3a
0.793353340291 1.21296073616e-17 -0.608761429009 2.92834625986e-17
0.793353340291 1.21296073616e-17 -0.608761429009 2.92834625986e-17
1.0 0.0 0.0 0.0
Finger_l_3b
0.793353340291 0.0 -0.608761429009 0.0
0.793353340291 -0.0 -0.608761429009 -0.0
1.0 0.0 0.0 0.0
Finger_l_3c
0.793353340291 0.0 -0.608761429009 0.0
0.793353340291 -0.0 -0.608761429009 -0.0
1.0 0.0 0.0 0.0
Finger_l_4a
0.793353340291 1.21296073616e-17 -0.608761429009 2.92834625986e-17
0.793353340291 1.21296073616e-17 -0.608761429009 2.92834625986e-17
1.0 0.0 0.0 0.0
Finger_l_4b
0.793353340291 0.0 -0.608761429009 0.0
0.793353340291 -0.0 -0.608761429009 -0.0
1.0 0.0 0.0 0.0
Finger_l_4c
0.793353340291 0.0 -0.608761429009 0.0
0.793353340291 -0.0 -0.608761429009 -0.0
1.0 0.0 0.0 0.0
Finger_l_5a
0.793353340291 1.21296073616e-17 -0.608761429009 2.92834625986e-17
0.793353340291 1.21296073616e-17 -0.608761429009 2.92834625986e-17
1.0 0.0 0.0 0.0
Finger_l_5b
0.793353340291 0.0 -0.608761429009 0.0
0.793353340291 -0.0 -0.608761429009 -0.0
1.0 0.0 0.0 0.0
Finger_l_5c
0.793353340291 0.0 -0.608761429009 0.0
0.793353340291 -0.0 -0.608761429009 -0.0
1.0 0.0 0.0 0.0
