Wrist
1.0 0.0 0.0 0.0
1.0 0.0 0.0 0.0
1.0 0.0 0.0 0.0
Upp_leg_r
0.706076167178 0.0597498474343 0.703017737294 0.0605893790245
0.706076167178 0.0597498474343 0.703017737294 0.0605893790245
1.0 0.0 0.0 0.0
Low_leg_r
1.0 0.0 0.0 0.0
1.0 0.0 0.0 0.0
1.0 0.0 0.0 0.0
Feet_r
1.0 0.0 0.0 0.0
1.0 0.0 0.0 0.0
1.0 0.0 0.0 0.0
Upp_leg_l
0.706071010308 -0.0593929763419 0.703057194896 -0.0605424924744
0.706071010308 -0.0593929763419 0.703057194896 -0.0605424924744
1.0 0.0 0.0 0.0
Low_leg_l
1.0 0.0 0.0 0.0
1.0 0.0 0.0 0.0
1.0 0.0 0.0 0.0
Feet_l
1.0 0.0 0.0 0.0
1.0 0.0 0.0 0.0
1.0 0.0 0.0 0.0
Torse
1.0 0.0 2.49800180541e-16 0.0
1.0 0.0 2.49800180541e-16 0.0
1.0 0.0 0.0 0.0
Neck
1.0 0.0 1.38777878078e-16 0.0
1.0 0.0 1.38777878078e-16 0.0
1.0 0.0 0.0 0.0
Head
1.0 0.0 0.0 0.0
1.0 0.0 0.0 0.0
1.0 0.0 0.0 0.0
Shoulder_r
1.0 -1.04322069422e-18 7.92404787858e-18 2.49800180541e-16
1.0 -1.04322069422e-18 7.92404787858e-18 2.49800180541e-16
1.0 0.0 0.0 0.0
Arm_r
1.0 4.10178901056e-18 1.53080849893e-17 2.77555756156e-17
1.0 4.10178901056e-18 1.53080849893e-17 2.77555756156e-17
1.0 0.0 0.0 0.0
Forearm_r
1.0 0.0 0.0 0.0
1.0 0.0 0.0 0.0
1.0 0.0 0.0 0.0
Hand_r
1.0 2.33051717149e-18 1.17163010133e-17 -1.38777878078e-16
1.0 2.33051717149e-18 1.17163010133e-17 -1.38777878078e-16
1.0 0.0 0.0 0.0
Finger_r_1a
1.0 0.0 -2.77555756156e-17 0.0
1.0 0.0 -2.77555756156e-17 0.0
1.0 0.0 0.0 0.0
Finger_r_1b
1.0 0.0 0.0 0.0
1.0 0.0 0.0 0.0
1.0 0.0 0.0 0.0
Finger_r_1c
1.0 0.0 0.0 0.0
1.0 0.0 0.0 0.0
1.0 0.0 0.0 0.0
Finger_r_2a
1.0 0.0 0.0 0.0
1.0 0.0 0.0 0.0
1.0 0.0 0.0 0.0
Finger_r_2b
1.0 0.0 0.0 0.0
1.0 0.0 0.0 0.0
1.0 0.0 0.0 0.0
Finger_r_2c
1.0 0.0 0.0 0.0
1.0 0.0 0.0 0.0
1.0 0.0 0.0 0.0
Finger_r_3a
1.0 0.0 0.0 0.0
1.0 0.0 0.0 0.0
1.0 0.0 0.0 0.0
Finger_r_3b
1.0 0.0 0.0 0.0
1.0 0.0 0.0 0.0
1.0 0.0 0.0 0.0
Finger_r_3c
1.0 0.0 0.0 0.0
1.0 0.0 0.0 0.0
1.0 0.0 0.0 0.0
Finger_r_4a
1.0 0.0 0.0 0.0
1.0 0.0 0.0 0.0
1.0 0.0 0.0 0.0
Finger_r_4b
1.0 0.0 0.0 0.0
1.0 0.0 0.0 0.0
1.0 0.0 0.0 0.0
Finger_r_4c
1.0 0.0 0.0 0.0
1.0 0.0 0.0 0.0
1.0 0.0 0.0 0.0
Finger_r_5a
1.0 0.0 0.0 0.0
1.0 0.0 0.0 0.0
1.0 0.0 0.0 0.0
Finger_r_5b
1.0 0.0 0.0 0.0
1.0 0.0 0.0 0.0
1.0 0.0 0.0 0.0
Finger_r_5c
1.0 0.0 0.0 0.0
1.0 0.0 0.0 0.0
1.0 0.0 0.0 0.0
Shoulder_l
1.0 1.04322069422e-18 7.92404787858e-18 -2.49800180541e-16
1.0 1.04322069422e-18 7.92404787858e-18 -2.49800180541e-16
1.0 0.0 0.0 0.0
Arm_l
1.0 -4.10178901056e-18 1.53080849893e-17 -2.77555756156e-17
1.0 -4.10178901056e-18 1.53080849893e-17 -2.77555756156e-17
1.0 0.0 0.0 0.0
Forearm_l
1.0 0.0 0.0 0.0
1.0 0.0 0.0 0.0
1.0 0.0 0.0 0.0
Hand_l
1.0 -2.33051717149e-18 1.17163010133e-17 1.38777878078e-16
1.0 -2.33051717149e-18 1.17163010133e-17 1.38777878078e-16
1.0 0.0 0.0 0.0
Finger_l_1a
1.0 0.0 -2.77555756156e-17 0.0
1.0 0.0 -2.77555756156e-17 0.0
1.0 0.0 0.0 0.0
Finger_l_1b
1.0 0.0 0.0 0.0
1.0 0.0 0.0 0.0
1.0 0.0 0.0 0.0
Finger_l_1c
1.0 0.0 0.0 0.0
1.0 0.0 0.0 0.0
1.0 0.0 0.0 0.0
Finger_l_2a
1.0 0.0 0.0 0.0
1.0 0.0 0.0 0.0
1.0 0.0 0.0 0.0
Finger_l_2b
1.0 0.0 0.0 0.0
1.0 0.0 0.0 0.0
1.0 0.0 0.0 0.0
Finger_l_2c
1.0 0.0 0.0 0.0
1.0 0.0 0.0 0.0
1.0 0.0 0.0 0.0
Finger_l_3a
1.0 0.0 0.0 0.0
1.0 0.0 0.0 0.0
1.0 0.0 0.0 0.0
Finger_l_3b
1.0 0.0 0.0 0.0
1.0 0.0 0.0 0.0
1.0 0.0 0.0 0.0
Finger_l_3c
1.0 0.0 0.0 0.0
1.0 0.0 0.0 0.0
1.0 0.0 0.0 0.0
Finger_l_4a
1.0 0.0 0.0 0.0
1.0 0.0 0.0 0.0
1.0 0.0 0.0 0.0
Finger_l_4b
1.0 0.0 0.0 0.0
1.0 0.0 0.0 0.0
1.0 0.0 0.0 0.0
Finger_l_4c
1.0 0.0 0.0 0.0
1.0 0.0 0.0 0.0
1.0 0.0 0.0 0.0
Finger_l_5a
1.0 0.0 0.0 0.0
1.0 0.0 0.0 0.0
1.0 0.0 0.0 0.0
Finger_l_5b
1.0 0.0 0.0 0.0
1.0 0.0 0.0 0.0
1.0 0.0 0.0 0.0
Finger_l_5c
1.0 0.0 0.0 0.0
1.0 0.0 0.0 0.0
1.0 0.0 0.0 0.0
