Origin
0.382683432365 0.0 0.923879532511 0.0
Wrist
1.0 0.0 0.0 0.0
Upp_leg_r
0.969846310393 -0.171010071663 -0.0301536896071 0.171010071663
Low_leg_r
0.965925826289 0.0 0.258819045103 0.0
Feet_r
0.866025403784 0.0 0.5 0.0
Upp_leg_l
-0.976382586165 -0.128543206069 0.0226656354168 0.172162593435
Low_leg_l
0.953716950748 0.0 0.300705799504 0.0
Feet_l
0.866025403784 0.0 0.5 0.0
Torse
0.965925826289 0.0 -0.258819045103 0.0
Neck
0.965925826289 0.0 -0.258819045103 0.0
Head
0.965925826289 0.0 -0.258819045103 0.0
Shoulder_r
-0.987869397757 1.73472347598e-18 0.128034250071 0.0878708358032
Arm_r
-0.797347014111 2.77555756156e-17 0.431831963178 -0.421614628145
Forearm_r
0.707106781187 -0.707106781187 0.0 0.0
Hand_r
1.0 0.0 0.0 0.0
Finger_r_1a
0.996194698092 0.0 0.0 0.0871557427477
Finger_r_1b
1.0 0.0 0.0 0.0
Finger_r_1c
1.0 0.0 0.0 0.0
Finger_r_2a
0.999048221582 0.0 0.0 0.0436193873653
Finger_r_2b
1.0 0.0 0.0 0.0
Finger_r_2c
1.0 0.0 0.0 0.0
Finger_r_3a
1.0 0.0 0.0 0.0
Finger_r_3b
1.0 0.0 0.0 0.0
Finger_r_3c
1.0 0.0 0.0 0.0
Finger_r_4a
-0.996194698092 0.0 0.0 0.0871557427477
Finger_r_4b
1.0 0.0 0.0 0.0
Finger_r_4c
1.0 0.0 0.0 0.0
Finger_r_5a
-0.996194698092 0.0 0.0 0.0871557427477
Finger_r_5b
1.0 0.0 0.0 0.0
Finger_r_5c
1.0 0.0 0.0 0.0
Shoulder_l
1.0 0.0 0.0 0.0
Arm_l
0.900658239122 0.0739006771206 -0.0877434952337 -0.419111566612
Forearm_l
0.810406639194 0.561249768464 -0.138151008344 0.0956769326611
Hand_l
1.0 0.0 0.0 0.0
Finger_l_1a
-0.996194698092 0.0 0.0 0.0871557427477
Finger_l_1b
1.0 0.0 0.0 0.0
Finger_l_1c
1.0 0.0 0.0 0.0
Finger_l_2a
-0.999048221582 0.0 0.0 0.0436193873653
Finger_l_2b
1.0 0.0 0.0 0.0
Finger_l_2c
1.0 0.0 0.0 0.0
Finger_l_3a
1.0 0.0 0.0 0.0
Finger_l_3b
1.0 0.0 0.0 0.0
Finger_l_3c
1.0 0.0 0.0 0.0
Finger_l_4a
0.999048221582 0.0 0.0 0.0436193873653
Finger_l_4b
1.0 0.0 0.0 0.0
Finger_l_4c
1.0 0.0 0.0 0.0
Finger_l_5a
0.996194698092 0.0 0.0 0.0871557427477
Finger_l_5b
1.0 0.0 0.0 0.0
Finger_l_5c
1.0 0.0 0.0 0.0
