Origin
0.906307787037 0.0 -0.422618261741 5.17558101502e-17
0.906307787037 0.0 -0.422618261741 5.17558101502e-17
1.0 0.0 0.0 0.0
Wrist
1.0 0.0 0.0 0.0
1.0 0.0 0.0 0.0
1.0 0.0 0.0 0.0
Upp_leg_r
0.885206744444 0.0143943801462 0.460498772573 0.0645082304431
0.885206744444 0.0143943801462 0.460498772573 0.0645082304431
1.0 0.0 0.0 0.0
Low_leg_r
0.537299608347 0.0 0.843391445813 0.0
0.537299608347 0.0 0.843391445813 0.0
1.0 0.0 0.0 0.0
Feet_r
0.866025403784 0.0 0.5 0.0
0.866025403784 0.0 0.5 0.0
1.0 0.0 0.0 0.0
Upp_leg_l
0.885206744444 -0.0143943801462 0.460498772573 -0.0645082304431
0.885206744444 -0.0143943801462 0.460498772573 -0.0645082304431
1.0 0.0 0.0 0.0
Low_leg_l
0.537299608347 0.0 0.843391445813 0.0
0.537299608347 0.0 0.843391445813 0.0
1.0 0.0 0.0 0.0
Feet_l
0.866025403784 0.0 0.5 0.0
0.866025403784 0.0 0.5 0.0
1.0 0.0 0.0 0.0
Torse
0.965925826289 0.0 0.258819045103 0.0
0.965925826289 0.0 0.258819045103 0.0
1.0 0.0 0.0 0.0
Neck
0.991444861374 8.70209039926e-19 0.13052619222 4.37483627283e-18
0.991444861374 8.70209039926e-19 0.13052619222 4.37483627283e-18
1.0 0.0 0.0 0.0
Head
0.965925826289 0.0 0.258819045103 0.0
0.965925826289 0.0 0.258819045103 0.0
1.0 0.0 0.0 0.0
Shoulder_r
0.982962913145 -0.0170370868555 0.129409522551 -0.129409522551
0.982962913145 -0.0170370868555 0.129409522551 -0.129409522551
1.0 0.0 0.0 0.0
Arm_r
0.856786671965 0.119509335155 0.446014910777 0.229575296839
0.856786671965 0.119509335155 0.446014910777 0.229575296839
1.0 0.0 0.0 0.0
Forearm_r
0.953716950748 0.0 -0.300705799504 0.0
0.953716950748 -0.0 -0.300705799504 -0.0
1.0 0.0 0.0 0.0
Hand_r
0.9575367531 0.0422252739802 0.212280787447 0.190465902412
0.9575367531 0.0422252739802 0.212280787447 0.190465902412
1.0 0.0 0.0 0.0
Finger_r_1a
1.0 0.0 -2.77555756156e-17 0.0
1.0 0.0 -2.77555756156e-17 0.0
1.0 0.0 0.0 0.0
Finger_r_1b
1.0 0.0 0.0 0.0
1.0 0.0 0.0 0.0
1.0 0.0 0.0 0.0
Finger_r_1c
1.0 0.0 0.0 0.0
1.0 0.0 0.0 0.0
1.0 0.0 0.0 0.0
Finger_r_2a
1.0 0.0 0.0 0.0
1.0 0.0 0.0 0.0
1.0 0.0 0.0 0.0
Finger_r_2b
1.0 0.0 0.0 0.0
1.0 0.0 0.0 0.0
1.0 0.0 0.0 0.0
Finger_r_2c
1.0 0.0 0.0 0.0
1.0 0.0 0.0 0.0
1.0 0.0 0.0 0.0
Finger_r_3a
1.0 0.0 0.0 0.0
1.0 0.0 0.0 0.0
1.0 0.0 0.0 0.0
Finger_r_3b
1.0 0.0 0.0 0.0
1.0 0.0 0.0 0.0
1.0 0.0 0.0 0.0
Finger_r_3c
1.0 0.0 0.0 0.0
1.0 0.0 0.0 0.0
1.0 0.0 0.0 0.0
Finger_r_4a
1.0 0.0 0.0 0.0
1.0 0.0 0.0 0.0
1.0 0.0 0.0 0.0
Finger_r_4b
1.0 0.0 0.0 0.0
1.0 0.0 0.0 0.0
1.0 0.0 0.0 0.0
Finger_r_4c
1.0 0.0 0.0 0.0
1.0 0.0 0.0 0.0
1.0 0.0 0.0 0.0
Finger_r_5a
1.0 0.0 0.0 0.0
1.0 0.0 0.0 0.0
1.0 0.0 0.0 0.0
Finger_r_5b
1.0 0.0 0.0 0.0
1.0 0.0 0.0 0.0
1.0 0.0 0.0 0.0
Finger_r_5c
1.0 0.0 0.0 0.0
1.0 0.0 0.0 0.0
1.0 0.0 0.0 0.0
Shoulder_l
0.982962913145 0.0170370868555 0.129409522551 0.129409522551
0.982962913145 0.0170370868555 0.129409522551 0.129409522551
1.0 0.0 0.0 0.0
Arm_l
0.856786671965 -0.119509335155 0.446014910777 -0.229575296839
0.856786671965 -0.119509335155 0.446014910777 -0.229575296839
1.0 0.0 0.0 0.0
Forearm_l
0.953716950748 0.0 -0.300705799504 0.0
0.953716950748 -0.0 -0.300705799504 -0.0
1.0 0.0 0.0 0.0
Hand_l
0.9575367531 -0.0422252739802 0.212280787447 -0.190465902412
0.9575367531 -0.0422252739802 0.212280787447 -0.190465902412
1.0 0.0 0.0 0.0
Finger_l_1a
1.0 0.0 -2.77555756156e-17 0.0
1.0 0.0 -2.77555756156e-17 0.0
1.0 0.0 0.0 0.0
Finger_l_1b
1.0 0.0 0.0 0.0
1.0 0.0 0.0 0.0
1.0 0.0 0.0 0.0
Finger_l_1c
1.0 0.0 0.0 0.0
1.0 0.0 0.0 0.0
1.0 0.0 0.0 0.0
Finger_l_2a
1.0 0.0 0.0 0.0
1.0 0.0 0.0 0.0
1.0 0.0 0.0 0.0
Finger_l_2b
1.0 0.0 0.0 0.0
1.0 0.0 0.0 0.0
1.0 0.0 0.0 0.0
Finger_l_2c
1.0 0.0 0.0 0.0
1.0 0.0 0.0 0.0
1.0 0.0 0.0 0.0
Finger_l_3a
1.0 0.0 0.0 0.0
1.0 0.0 0.0 0.0
1.0 0.0 0.0 0.0
Finger_l_3b
1.0 0.0 0.0 0.0
1.0 0.0 0.0 0.0
1.0 0.0 0.0 0.0
Finger_l_3c
1.0 0.0 0.0 0.0
1.0 0.0 0.0 0.0
1.0 0.0 0.0 0.0
Finger_l_4a
1.0 0.0 0.0 0.0
1.0 0.0 0.0 0.0
1.0 0.0 0.0 0.0
Finger_l_4b
1.0 0.0 0.0 0.0
1.0 0.0 0.0 0.0
1.0 0.0 0.0 0.0
Finger_l_4c
1.0 0.0 0.0 0.0
1.0 0.0 0.0 0.0
1.0 0.0 0.0 0.0
Finger_l_5a
1.0 0.0 0.0 0.0
1.0 0.0 0.0 0.0
1.0 0.0 0.0 0.0
Finger_l_5b
1.0 0.0 0.0 0.0
1.0 0.0 0.0 0.0
1.0 0.0 0.0 0.0
Finger_l_5c
1.0 0.0 0.0 0.0
1.0 0.0 0.0 0.0
1.0 0.0 0.0 0.0
