Origin
0.965925826289 0.0 -0.258819045103 3.16961915143e-17
0.965925826289 0.0 -0.258819045103 3.16961915143e-17
1.0 0.0 0.0 0.0
Wrist
1.0 0.0 0.0 0.0
1.0 0.0 0.0 0.0
1.0 0.0 0.0 0.0
Upp_leg_r
0.720168650851 0.147153060304 0.673083957122 0.0817293568186
0.734780531594 0.019861500834 0.648666145528 0.197367506815
0.984807753012 0.173648177667 0.0 0.0
Low_leg_r
1.0 0.0 0.0 0.0
1.0 0.0 0.0 0.0
1.0 0.0 0.0 0.0
Feet_r
0.991444861374 0.0 0.13052619222 0.0
0.991444861374 0.0 0.13052619222 0.0
1.0 0.0 0.0 0.0
Upp_leg_l
0.945930177884 0.122283873106 0.273002641349 -0.125502672041
0.953798862408 -0.00223094660526 0.287048451802 -0.0887949840422
0.991444861374 0.13052619222 0.0 0.0
Low_leg_l
0.258819045103 0.0 0.965925826289 0.0
0.258819045103 0.0 0.965925826289 0.0
1.0 0.0 0.0 0.0
Feet_l
0.991444861374 0.0 0.13052619222 0.0
0.991444861374 0.0 0.13052619222 0.0
1.0 0.0 0.0 0.0
Torse
0.957662196943 -0.126078620072 0.256604812293 0.0337826644312
0.965925826289 -3.25341131088e-17 0.258819045103 -2.4712112345e-16
0.991444861374 -0.13052619222 -0.0 -0.0
Neck
0.996194698092 0.0 -0.0871557427477 0.0
0.996194698092 0.0 -0.0871557427477 0.0
1.0 0.0 0.0 0.0
Head
1.0 0.0 0.0 0.0
1.0 0.0 0.0 0.0
1.0 0.0 0.0 0.0
Shoulder_r
0.997223944528 -0.0095562667926 0.0725870527922 -0.0135721034335
0.997223944528 -0.0095562667926 0.0725870527922 -0.0135721034335
1.0 0.0 0.0 0.0
Arm_r
0.730941910914 -0.390334512799 0.0639551406222 0.556122856008
0.822639239418 0.0995077423257 0.371367950106 0.41886601273
0.819152044289 -0.573576436351 -0.0 -0.0
Forearm_r
0.707106781187 -0.707106781187 0.0 0.0
1.0 0.0 0.0 0.0
0.707106781187 -0.707106781187 -0.0 -0.0
Hand_r
1.0 2.33051717149e-18 1.17163010133e-17 -1.38777878078e-16
1.0 2.33051717149e-18 1.17163010133e-17 -1.38777878078e-16
1.0 0.0 0.0 0.0
Finger_r_1a
0.906307787037 5.50398589544e-18 -0.422618261741 2.05411550059e-17
0.906307787037 5.50398589544e-18 -0.422618261741 2.05411550059e-17
1.0 0.0 0.0 0.0
Finger_r_1b
0.793353340291 0.0 -0.608761429009 0.0
0.793353340291 -0.0 -0.608761429009 -0.0
1.0 0.0 0.0 0.0
Finger_r_1c
0.793353340291 0.0 -0.608761429009 0.0
0.793353340291 -0.0 -0.608761429009 -0.0
1.0 0.0 0.0 0.0
Finger_r_2a
0.793353340291 1.21296073616e-17 -0.608761429009 2.92834625986e-17
0.793353340291 1.21296073616e-17 -0.608761429009 2.92834625986e-17
1.0 0.0 0.0 0.0
Finger_r_2b
0.793353340291 0.0 -0.608761429009 0.0
0.793353340291 -0.0 -0.608761429009 -0.0
1.0 0.0 0.0 0.0
Finger_r_2c
0.793353340291 0.0 -0.608761429009 0.0
0.793353340291 -0.0 -0.608761429009 -0.0
1.0 0.0 0.0 0.0
Finger_r_3a
0.793353340291 1.21296073616e-17 -0.608761429009 2.92834625986e-17
0.793353340291 1.21296073616e-17 -0.608761429009 2.92834625986e-17
1.0 0.0 0.0 0.0
Finger_r_3b
0.793353340291 0.0 -0.608761429009 0.0
0.793353340291 -0.0 -0.608761429009 -0.0
1.0 0.0 0.0 0.0
Finger_r_3c
0.793353340291 0.0 -0.608761429009 0.0
0.793353340291 -0.0 -0.608761429009 -0.0
1.0 0.0 0.0 0.0
Finger_r_4a
0.793353340291 1.21296073616e-17 -0.608761429009 2.92834625986e-17
0.793353340291 1.21296073616e-17 -0.608761429009 2.92834625986e-17
1.0 0.0 0.0 0.0
Finger_r_4b
0.793353340291 0.0 -0.608761429009 0.0
0.793353340291 -0.0 -0.608761429009 -0.0
1.0 0.0 0.0 0.0
Finger_r_4c
0.793353340291 0.0 -0.608761429009 0.0
0.793353340291 -0.0 -0.608761429009 -0.0
1.0 0.0 0.0 0.0
Finger_r_5a
0.793353340291 1.21296073616e-17 -0.608761429009 2.92834625986e-17
0.793353340291 1.21296073616e-17 -0.608761429009 2.92834625986e-17
1.0 0.0 0.0 0.0
Finger_r_5b
0.793353340291 0.0 -0.608761429009 0.0
0.793353340291 -0.0 -0.608761429009 -0.0
1.0 0.0 0.0 0.0
Finger_r_5c
0.793353340291 0.0 -0.608761429009 0.0
0.793353340291 -0.0 -0.608761429009 -0.0
1.0 0.0 0.0 0.0
Shoulder_l
0.996216380014 -0.0113436308133 -0.0861634304036 -0.000330897031523
0.996216380014 -0.0113436308133 -0.0861634304036 -0.000330897031523
1.0 0.0 0.0 0.0
Arm_l
0.839876145461 -0.122809993718 -0.122541398012 -0.514304745751
0.846548674917 0.0618835621784 -0.230952598203 -0.475590856842
0.97629600712 -0.216439613938 -0.0 -0.0
Forearm_l
0.653281482438 0.653281482438 -0.270598050073 0.270598050073
0.923879532511 -0.0 -0.382683432365 -0.0
0.707106781187 0.707106781187 0.0 0.0
Hand_l
1.0 -2.33051717149e-18 1.17163010133e-17 1.38777878078e-16
1.0 -2.33051717149e-18 1.17163010133e-17 1.38777878078e-16
1.0 0.0 0.0 0.0
Finger_l_1a
0.906307787037 5.50398589544e-18 -0.422618261741 2.05411550059e-17
0.906307787037 5.50398589544e-18 -0.422618261741 2.05411550059e-17
1.0 0.0 0.0 0.0
Finger_l_1b
0.793353340291 0.0 -0.608761429009 0.0
0.793353340291 -0.0 -0.608761429009 -0.0
1.0 0.0 0.0 0.0
Finger_l_1c
0.793353340291 0.0 -0.608761429009 0.0
0.793353340291 -0.0 -0.608761429009 -0.0
1.0 0.0 0.0 0.0
Finger_l_2a
0.793353340291 1.21296073616e-17 -0.608761429009 2.92834625986e-17
0.793353340291 1.21296073616e-17 -0.608761429009 2.92834625986e-17
1.0 0.0 0.0 0.0
Finger_l_2b
0.793353340291 0.0 -0.608761429009 0.0
0.793353340291 -0.0 -0.608761429009 -0.0
1.0 0.0 0.0 0.0
Finger_l_2c
0.793353340291 0.0 -0.608761429009 0.0
0.793353340291 -0.0 -0.608761429009 -0.0
1.0 0.0 0.0 0.0
Finger_l_3a
0.793353340291 1.21296073616e-17 -0.608761429009 2.92834625986e-17
0.793353340291 1.21296073616e-17 -0.608761429009 2.92834625986e-17
1.0 0.0 0.0 0.0
Finger_l_3b
0.793353340291 0.0 -0.608761429009 0.0
0.793353340291 -0.0 -0.608761429009 -0.0
1.0 0.0 0.0 0.0
Finger_l_3c
0.793353340291 0.0 -0.608761429009 0.0
0.793353340291 -0.0 -0.608761429009 -0.0
1.0 0.0 0.0 0.0
Finger_l_4a
0.793353340291 1.21296073616e-17 -0.608761429009 2.92834625986e-17
0.793353340291 1.21296073616e-17 -0.608761429009 2.92834625986e-17
1.0 0.0 0.0 0.0
Finger_l_4b
0.793353340291 0.0 -0.608761429009 0.0
0.793353340291 -0.0 -0.608761429009 -0.0
1.0 0.0 0.0 0.0
Finger_l_4c
0.793353340291 0.0 -0.608761429009 0.0
0.793353340291 -0.0 -0.608761429009 -0.0
1.0 0.0 0.0 0.0
Finger_l_5a
0.793353340291 1.21296073616e-17 -0.608761429009 2.92834625986e-17
0.793353340291 1.21296073616e-17 -0.608761429009 2.92834625986e-17
1.0 0.0 0.0 0.0
Finger_l_5b
0.793353340291 0.0 -0.608761429009 0.0
0.793353340291 -0.0 -0.608761429009 -0.0
1.0 0.0 0.0 0.0
Finger_l_5c
0.793353340291 0.0 -0.608761429009 0.0
0.793353340291 -0.0 -0.608761429009 -0.0
1.0 0.0 0.0 0.0
