Origin
1.0 0.0 0.0 0.0
Wrist
1.0 0.0 0.0 0.0
Upp_leg_r
-0.952657030178 0.0 0.221560381946 -0.208220027868
Low_leg_r
0.925853438062 -0.324958899801 0.181981918628 0.0638725759713
Feet_r
0.866025403784 0.0 0.5 0.0
Upp_leg_l
1.0 0.0 0.0 0.0
Low_leg_l
1.0 0.0 0.0 0.0
Feet_l
1.0 0.0 0.0 0.0
Torse
0.965925826289 0.0 0.258819045103 0.0
Neck
0.991444861374 0.0 0.13052619222 0.0
Head
0.965925826289 0.0 0.258819045103 0.0
Shoulder_r
1.0 0.0 0.0 0.0
Arm_r
0.866025403784 0.0 0.5 0.0
Forearm_r
1.0 0.0 0.0 0.0
Hand_r
1.0 0.0 0.0 0.0
Finger_r_1a
1.0 0.0 0.0 0.0
Finger_r_1b
1.0 0.0 0.0 0.0
Finger_r_1c
1.0 0.0 0.0 0.0
Finger_r_2a
1.0 0.0 0.0 0.0
Finger_r_2b
1.0 0.0 0.0 0.0
Finger_r_2c
1.0 0.0 0.0 0.0
Finger_r_3a
1.0 0.0 0.0 0.0
Finger_r_3b
1.0 0.0 0.0 0.0
Finger_r_3c
1.0 0.0 0.0 0.0
Finger_r_4a
1.0 0.0 0.0 0.0
Finger_r_4b
1.0 0.0 0.0 0.0
Finger_r_4c
1.0 0.0 0.0 0.0
Finger_r_5a
1.0 0.0 0.0 0.0
Finger_r_5b
1.0 0.0 0.0 0.0
Finger_r_5c
1.0 0.0 0.0 0.0
Shoulder_l
1.0 0.0 0.0 0.0
Arm_l
0.866025403784 0.0 0.5 0.0
Forearm_l
1.0 0.0 0.0 0.0
Hand_l
1.0 0.0 0.0 0.0
Finger_l_1a
1.0 0.0 0.0 0.0
Finger_l_1b
1.0 0.0 0.0 0.0
Finger_l_1c
1.0 0.0 0.0 0.0
Finger_l_2a
1.0 0.0 0.0 0.0
Finger_l_2b
1.0 0.0 0.0 0.0
Finger_l_2c
1.0 0.0 0.0 0.0
Finger_l_3a
1.0 0.0 0.0 0.0
Finger_l_3b
1.0 0.0 0.0 0.0
Finger_l_3c
1.0 0.0 0.0 0.0
Finger_l_4a
1.0 0.0 0.0 0.0
Finger_l_4b
1.0 0.0 0.0 0.0
Finger_l_4c
1.0 0.0 0.0 0.0
Finger_l_5a
1.0 0.0 0.0 0.0
Finger_l_5b
1.0 0.0 0.0 0.0
Finger_l_5c
1.0 0.0 0.0 0.0
