Wrist
0.996194698092 0.0 0.0871557427477 0.0
0.996194698092 0.0 0.0871557427477 0.0
1.0 0.0 0.0 0.0
Upp_leg_r
0.974229908652 -0.00279205506793 0.215699293087 0.0660357055174
0.974229908652 -0.00279205506793 0.215699293087 0.0660357055174
1.0 0.0 0.0 0.0
Low_leg_r
0.73727733681 0.0 0.675590207616 0.0
0.73727733681 0.0 0.675590207616 0.0
1.0 0.0 0.0 0.0
Feet_r
0.97629600712 0.0 0.216439613938 0.0
0.97629600712 0.0 0.216439613938 0.0
1.0 0.0 0.0 0.0
Upp_leg_l
0.974229908652 0.00279205506793 0.215699293087 -0.0660357055174
0.974229908652 0.00279205506793 0.215699293087 -0.0660357055174
1.0 0.0 0.0 0.0
Low_leg_l
0.73727733681 0.0 0.675590207616 0.0
0.73727733681 0.0 0.675590207616 0.0
1.0 0.0 0.0 0.0
Feet_l
0.97629600712 0.0 0.216439613938 0.0
0.97629600712 0.0 0.216439613938 0.0
1.0 0.0 0.0 0.0
Torse
0.984807753012 6.97249292186e-19 -0.173648177667 5.29613417872e-18
0.984807753012 6.97249292186e-19 -0.173648177667 5.29613417872e-18
1.0 0.0 0.0 0.0
Neck
0.984807753012 2.41118137198e-18 -0.173648177667 1.2121827334e-17
0.984807753012 2.41118137198e-18 -0.173648177667 1.2121827334e-17
1.0 0.0 0.0 0.0
Head
0.996194698092 0.0 0.0871557427477 0.0
0.996194698092 0.0 0.0871557427477 0.0
1.0 0.0 0.0 0.0
Shoulder_r
0.990501225552 -0.00569347253977 0.0432462174596 -0.130401960207
0.990501225552 -0.00569347253977 0.0432462174596 -0.130401960207
1.0 0.0 0.0 0.0
Arm_r
0.965006478934 -0.0112895281859 -0.0421330927831 0.258572706721
0.965006478934 -0.0112895281859 -0.0421330927831 0.258572706721
1.0 0.0 0.0 0.0
Forearm_r
0.843391445813 0.0 -0.537299608347 0.0
0.843391445813 -0.0 -0.537299608347 -0.0
1.0 0.0 0.0 0.0
Hand_r
0.9575367531 0.0422252739802 0.212280787447 0.190465902412
0.9575367531 0.0422252739802 0.212280787447 0.190465902412
1.0 0.0 0.0 0.0
Finger_r_1a
0.984807753012 0.0 -0.173648177667 0.0
0.984807753012 0.0 -0.173648177667 0.0
1.0 0.0 0.0 0.0
Finger_r_1b
0.906307787037 0.0 -0.422618261741 0.0
0.906307787037 -0.0 -0.422618261741 -0.0
1.0 0.0 0.0 0.0
Finger_r_1c
0.906307787037 0.0 -0.422618261741 0.0
0.906307787037 -0.0 -0.422618261741 -0.0
1.0 0.0 0.0 0.0
Finger_r_2a
0.906307787037 2.04423148955e-18 -0.422618261741 4.93521138671e-18
0.906307787037 2.04423148955e-18 -0.422618261741 4.93521138671e-18
1.0 0.0 0.0 0.0
Finger_r_2b
0.906307787037 0.0 -0.422618261741 0.0
0.906307787037 -0.0 -0.422618261741 -0.0
1.0 0.0 0.0 0.0
Finger_r_2c
0.906307787037 0.0 -0.422618261741 0.0
0.906307787037 -0.0 -0.422618261741 -0.0
1.0 0.0 0.0 0.0
Finger_r_3a
0.906307787037 2.04423148955e-18 -0.422618261741 4.93521138671e-18
0.906307787037 2.04423148955e-18 -0.422618261741 4.93521138671e-18
1.0 0.0 0.0 0.0
Finger_r_3b
0.906307787037 0.0 -0.422618261741 0.0
0.906307787037 -0.0 -0.422618261741 -0.0
1.0 0.0 0.0 0.0
Finger_r_3c
0.906307787037 0.0 -0.422618261741 0.0
0.906307787037 -0.0 -0.422618261741 -0.0
1.0 0.0 0.0 0.0
Finger_r_4a
0.906307787037 2.04423148955e-18 -0.422618261741 4.93521138671e-18
0.906307787037 2.04423148955e-18 -0.422618261741 4.93521138671e-18
1.0 0.0 0.0 0.0
Finger_r_4b
0.906307787037 0.0 -0.422618261741 0.0
0.906307787037 -0.0 -0.422618261741 -0.0
1.0 0.0 0.0 0.0
Finger_r_4c
0.906307787037 0.0 -0.422618261741 0.0
0.906307787037 -0.0 -0.422618261741 -0.0
1.0 0.0 0.0 0.0
Finger_r_5a
0.906307787037 2.04423148955e-18 -0.422618261741 4.93521138671e-18
0.906307787037 2.04423148955e-18 -0.422618261741 4.93521138671e-18
1.0 0.0 0.0 0.0
Finger_r_5b
0.906307787037 0.0 -0.422618261741 0.0
0.906307787037 -0.0 -0.422618261741 -0.0
1.0 0.0 0.0 0.0
Finger_r_5c
0.906307787037 0.0 -0.422618261741 0.0
0.906307787037 -0.0 -0.422618261741 -0.0
1.0 0.0 0.0 0.0
Shoulder_l
0.990501225552 0.00569347253977 0.0432462174596 0.130401960207
0.990501225552 0.00569347253977 0.0432462174596 0.130401960207
1.0 0.0 0.0 0.0
Arm_l
0.965006478934 0.0112895281859 -0.0421330927831 -0.258572706721
0.965006478934 0.0112895281859 -0.0421330927831 -0.258572706721
1.0 0.0 0.0 0.0
Forearm_l
0.843391445813 0.0 -0.537299608347 0.0
0.843391445813 -0.0 -0.537299608347 -0.0
1.0 0.0 0.0 0.0
Hand_l
0.9575367531 -0.0422252739802 0.212280787447 -0.190465902412
0.9575367531 -0.0422252739802 0.212280787447 -0.190465902412
1.0 0.0 0.0 0.0
Finger_l_1a
0.984807753012 0.0 -0.173648177667 0.0
0.984807753012 0.0 -0.173648177667 0.0
1.0 0.0 0.0 0.0
Finger_l_1b
0.906307787037 0.0 -0.422618261741 0.0
0.906307787037 -0.0 -0.422618261741 -0.0
1.0 0.0 0.0 0.0
Finger_l_1c
0.906307787037 0.0 -0.422618261741 0.0
0.906307787037 -0.0 -0.422618261741 -0.0
1.0 0.0 0.0 0.0
Finger_l_2a
0.906307787037 2.04423148955e-18 -0.422618261741 4.93521138671e-18
0.906307787037 2.04423148955e-18 -0.422618261741 4.93521138671e-18
1.0 0.0 0.0 0.0
Finger_l_2b
0.906307787037 0.0 -0.422618261741 0.0
0.906307787037 -0.0 -0.422618261741 -0.0
1.0 0.0 0.0 0.0
Finger_l_2c
0.906307787037 0.0 -0.422618261741 0.0
0.906307787037 -0.0 -0.422618261741 -0.0
1.0 0.0 0.0 0.0
Finger_l_3a
0.906307787037 2.04423148955e-18 -0.422618261741 4.93521138671e-18
0.906307787037 2.04423148955e-18 -0.422618261741 4.93521138671e-18
1.0 0.0 0.0 0.0
Finger_l_3b
0.906307787037 0.0 -0.422618261741 0.0
0.906307787037 -0.0 -0.422618261741 -0.0
1.0 0.0 0.0 0.0
Finger_l_3c
0.906307787037 0.0 -0.422618261741 0.0
0.906307787037 -0.0 -0.422618261741 -0.0
1.0 0.0 0.0 0.0
Finger_l_4a
0.906307787037 2.04423148955e-18 -0.422618261741 4.93521138671e-18
0.906307787037 2.04423148955e-18 -0.422618261741 4.93521138671e-18
1.0 0.0 0.0 0.0
Finger_l_4b
0.906307787037 0.0 -0.422618261741 0.0
0.906307787037 -0.0 -0.422618261741 -0.0
1.0 0.0 0.0 0.0
Finger_l_4c
0.906307787037 0.0 -0.422618261741 0.0
0.906307787037 -0.0 -0.422618261741 -0.0
1.0 0.0 0.0 0.0
Finger_l_5a
0.906307787037 2.04423148955e-18 -0.422618261741 4.93521138671e-18
0.906307787037 2.04423148955e-18 -0.422618261741 4.93521138671e-18
1.0 0.0 0.0 0.0
Finger_l_5b
0.906307787037 0.0 -0.422618261741 0.0
0.906307787037 -0.0 -0.422618261741 -0.0
1.0 0.0 0.0 0.0
Finger_l_5c
0.906307787037 0.0 -0.422618261741 0.0
0.906307787037 -0.0 -0.422618261741 -0.0
1.0 0.0 0.0 0.0
