Origin
0.63471999482 0.0 0.177710766519 0.752030193303
0.63471999482 0.0 0.177710766519 0.752030193303
1.0 0.0 0.0 0.0
Wrist
1.0 0.0 0.0 0.0
1.0 0.0 0.0 0.0
1.0 0.0 0.0 0.0
Upp_leg_r
0.958357711743 0.0320709077391 0.188854866616 -0.211835791358
0.958357711743 0.0320709077391 0.188854866616 -0.211835791358
1.0 0.0 0.0 0.0
Low_leg_r
0.793353340291 0.0 0.608761429009 0.0
0.793353340291 0.0 0.608761429009 0.0
1.0 0.0 0.0 0.0
Feet_r
0.866025403784 0.0 0.5 0.0
0.866025403784 0.0 0.5 0.0
1.0 0.0 0.0 0.0
Upp_leg_l
0.921895784167 0.0402335435832 0.184105646999 -0.338545633223
0.921895784167 0.0402335435832 0.184105646999 -0.338545633223
1.0 0.0 0.0 0.0
Low_leg_l
0.793353340291 0.0 0.608761429009 0.0
0.793353340291 0.0 0.608761429009 0.0
1.0 0.0 0.0 0.0
Feet_l
0.866025403784 0.0 0.5 0.0
0.866025403784 0.0 0.5 0.0
1.0 0.0 0.0 0.0
Torse
0.951271879616 -0.0399355479975 0.0383593751503 -0.303340602946
0.951271879616 -0.0399355479975 0.0383593751503 -0.303340602946
1.0 0.0 0.0 0.0
Neck
0.967420987313 -0.0415058465801 -0.137234255055 -0.208663981666
0.967420987313 -0.0415058465801 -0.137234255055 -0.208663981666
1.0 0.0 0.0 0.0
Head
0.996193792174 0.0 0.00147358110403 -0.0871536401572
0.996193792174 0.0 0.00147358110403 -0.0871536401572
1.0 0.0 0.0 0.0
Shoulder_r
0.894728474523 -0.00848594818065 0.0426617424167 -0.444487256617
0.894728474523 -0.00848594818065 0.0426617424167 -0.444487256617
1.0 0.0 0.0 0.0
Arm_r
0.985674141625 0.0309537034421 0.155614775742 0.0572048629555
0.985674141625 0.0309537034421 0.155614775742 0.0572048629555
1.0 0.0 0.0 0.0
Forearm_r
0.793353340291 0.0 -0.608761429009 0.0
0.793353340291 -0.0 -0.608761429009 -0.0
1.0 0.0 0.0 0.0
Hand_r
0.99384509773 0.013602582681 0.0683848011073 -0.0860837408525
0.99384509773 0.013602582681 0.0683848011073 -0.0860837408525
1.0 0.0 0.0 0.0
Finger_r_1a
0.976321722439 -0.0140784453056 -0.0214605629174 -0.214795567718
0.976321722439 -0.0140784453056 -0.0214605629174 -0.214795567718
1.0 0.0 0.0 0.0
Finger_r_1b
0.991444861374 0.0 -0.13052619222 0.0
0.991444861374 -0.0 -0.13052619222 -0.0
1.0 0.0 0.0 0.0
Finger_r_1c
0.991444861374 0.0 -0.13052619222 0.0
0.991444861374 -0.0 -0.13052619222 -0.0
1.0 0.0 0.0 0.0
Finger_r_2a
0.968440159954 -0.0338649004728 -0.178862077878 -0.170250351544
0.968440159954 -0.0338649004728 -0.178862077878 -0.170250351544
1.0 0.0 0.0 0.0
Finger_r_2b
0.991444861374 0.0 -0.13052619222 0.0
0.991444861374 -0.0 -0.13052619222 -0.0
1.0 0.0 0.0 0.0
Finger_r_2c
0.991444861374 0.0 -0.13052619222 0.0
0.991444861374 -0.0 -0.13052619222 -0.0
1.0 0.0 0.0 0.0
Finger_r_3a
0.968440159954 -0.0338649004728 -0.178862077878 -0.170250351544
0.968440159954 -0.0338649004728 -0.178862077878 -0.170250351544
1.0 0.0 0.0 0.0
Finger_r_3b
0.991444861374 0.0 -0.13052619222 0.0
0.991444861374 -0.0 -0.13052619222 -0.0
1.0 0.0 0.0 0.0
Finger_r_3c
0.991444861374 0.0 -0.13052619222 0.0
0.991444861374 -0.0 -0.13052619222 -0.0
1.0 0.0 0.0 0.0
Finger_r_4a
0.968440159954 -0.0338649004728 -0.178862077878 -0.170250351544
0.968440159954 -0.0338649004728 -0.178862077878 -0.170250351544
1.0 0.0 0.0 0.0
Finger_r_4b
0.991444861374 0.0 -0.13052619222 0.0
0.991444861374 -0.0 -0.13052619222 -0.0
1.0 0.0 0.0 0.0
Finger_r_4c
0.991444861374 0.0 -0.13052619222 0.0
0.991444861374 -0.0 -0.13052619222 -0.0
1.0 0.0 0.0 0.0
Finger_r_5a
0.968440159954 -0.0338649004728 -0.178862077878 -0.170250351544
0.968440159954 -0.0338649004728 -0.178862077878 -0.170250351544
1.0 0.0 0.0 0.0
Finger_r_5b
0.991444861374 0.0 -0.13052619222 0.0
0.991444861374 -0.0 -0.13052619222 -0.0
1.0 0.0 0.0 0.0
Finger_r_5c
0.991444861374 0.0 -0.13052619222 0.0
0.991444861374 -0.0 -0.13052619222 -0.0
1.0 0.0 0.0 0.0
Shoulder_l
0.996719233772 0.00848594818065 0.0426617424167 -0.068254915185
0.996719233772 0.00848594818065 0.0426617424167 -0.068254915185
1.0 0.0 0.0 0.0
Arm_l
0.932535518477 -0.0309537034421 0.155614775742 -0.324350761666
0.932535518477 -0.0309537034421 0.155614775742 -0.324350761666
1.0 0.0 0.0 0.0
Forearm_l
0.793353340291 0.0 -0.608761429009 0.0
0.793353340291 -0.0 -0.608761429009 -0.0
1.0 0.0 0.0 0.0
Hand_l
0.885250198812 -0.0136030614738 0.068387208161 -0.459858926173
0.885250198812 -0.0136030614738 0.068387208161 -0.459858926173
1.0 0.0 0.0 0.0
Finger_l_1a
0.976321722439 -0.0140784453056 -0.0214605629174 -0.214795567718
0.976321722439 -0.0140784453056 -0.0214605629174 -0.214795567718
1.0 0.0 0.0 0.0
Finger_l_1b
0.991444861374 0.0 -0.13052619222 0.0
0.991444861374 -0.0 -0.13052619222 -0.0
1.0 0.0 0.0 0.0
Finger_l_1c
0.991444861374 0.0 -0.13052619222 0.0
0.991444861374 -0.0 -0.13052619222 -0.0
1.0 0.0 0.0 0.0
Finger_l_2a
0.968440159954 -0.0338649004728 -0.178862077878 -0.170250351544
0.968440159954 -0.0338649004728 -0.178862077878 -0.170250351544
1.0 0.0 0.0 0.0
Finger_l_2b
0.991444861374 0.0 -0.13052619222 0.0
0.991444861374 -0.0 -0.13052619222 -0.0
1.0 0.0 0.0 0.0
Finger_l_2c
0.991444861374 0.0 -0.13052619222 0.0
0.991444861374 -0.0 -0.13052619222 -0.0
1.0 0.0 0.0 0.0
Finger_l_3a
0.968440159954 -0.0338649004728 -0.178862077878 -0.170250351544
0.968440159954 -0.0338649004728 -0.178862077878 -0.170250351544
1.0 0.0 0.0 0.0
Finger_l_3b
0.991444861374 0.0 -0.13052619222 0.0
0.991444861374 -0.0 -0.13052619222 -0.0
1.0 0.0 0.0 0.0
Finger_l_3c
0.991444861374 0.0 -0.13052619222 0.0
0.991444861374 -0.0 -0.13052619222 -0.0
1.0 0.0 0.0 0.0
Finger_l_4a
0.968440159954 -0.0338649004728 -0.178862077878 -0.170250351544
0.968440159954 -0.0338649004728 -0.178862077878 -0.170250351544
1.0 0.0 0.0 0.0
Finger_l_4b
0.991444861374 0.0 -0.13052619222 0.0
0.991444861374 -0.0 -0.13052619222 -0.0
1.0 0.0 0.0 0.0
Finger_l_4c
0.991444861374 0.0 -0.13052619222 0.0
0.991444861374 -0.0 -0.13052619222 -0.0
1.0 0.0 0.0 0.0
Finger_l_5a
0.968440159954 -0.0338649004728 -0.178862077878 -0.170250351544
0.968440159954 -0.0338649004728 -0.178862077878 -0.170250351544
1.0 0.0 0.0 0.0
Finger_l_5b
0.991444861374 0.0 -0.13052619222 0.0
0.991444861374 -0.0 -0.13052619222 -0.0
1.0 0.0 0.0 0.0
Finger_l_5c
0.991444861374 0.0 -0.13052619222 0.0
0.991444861374 -0.0 -0.13052619222 -0.0
1.0 0.0 0.0 0.0
